%-----------------------------------raw data--------------------------
time1 = [0.001742457 0.001819743 0.001651417 0.001789082 0.001620873 0.001978424 0.001821140 0.001825841 0.001807124 0.002065684 0.001765722 0.001999944 0.001923849 0.001911949 0.001797686 0.001858977 0.001854146 0.001947811 0.002015252 0.035553743];
cycles1 = [798059 772922 782029 787067 789304 773901 786783 779210 785783 780695 787301 780574 784974 781383 778510 798277 776374 776030 783888 832391];
instructions1 = [731234 731223 731258 731249 731240 731188 731205 731214 731216 731224 731222 731190 731218 731218 731190 731188 731232 731217 731253 731192];
cache_references1 = [7732 7479 7572 7664 7481 7710 7467 7727 7845 7653 7709 7653 7680 7784 7575 7806 7805 7513 7771 8049];
cache_misses1 = [611 355 388 467 437 233 445 202 486 169 386 450 351 442 46 1153 170 139 146 1408];
L1_dcache_load1 = [213657 213580 213662 213657 213693 213659 213653 213655 213658 213660 213659 213652 213660 213652 213659 213653 213659 213662 213660 213653];
L1_dcache_load_misses1 = [8201 8420 8359 8225 8345 8303 8274 8158 8367 8218 8228 8251 8205 8365 8224 8175 8140 8294 8198 8349];
L1_dcache_stores1 = [40343 40344 40343 40343 40360 40340 40339 40339 40339 40340 40341 40339 40341 40339 40340 40339 40339 40346 40340 40340];

time2 = [0.157756477 0.168009817 0.158958217 0.155621693 0.173885464 0.157119005 0.159122876 0.167517847 0.156673542 0.158136966 0.166359597 0.156080077 0.158304717 0.167301316 0.157989957 0.157029332 0.174035229 0.162557229 0.158755810 0.170873075];
cycles2 = [557876043 552029543 557462530 560830048 546451005 555924958 557808370 555666281 552329975 555956599 552237104 562002770 556775184 553948675 564350463 561751738 555712336 558523317 555325065 552315341];
instructions2 = [942910911 942910935 942910942 942910909 942910949 942910937 942910936 942911135 942910932 942910906 942910980 942910892 942910921 942910951 942910967 942910942 942910982 942910971 942910944 942910966];
cache_references2 = [3861167 3400110 3638259 3560519 3002312 2754882 3106779 3068331 2631760 3530490 3373106 4193441 3495556 4151143 4846231 4033916 4514583 3730350 3204261 3672565];
cache_misses2 = [2965 778 3250 17149 9069 431 795 20827 878 2119 2992 7887 1344 941 4443 1139 512 6058 1219 1730];
L1_dcache_load2 = [403073836 403068739 403073217 403074243 403074238 403074244 403068064 403064830 403069411 403073726 403074244 403074244 403074243 403074255 403074242 403074253 403067829 403074249 403074212 403074249];
L1_dcache_load_misses2 = [105332384 105447395 105983830 105578397 105875853 105040918 105256308 105175708 105193083 105247566 105337175 105552925 105629827 105575982 105455144 105157339 104892869 105561493 105855978 105485638];
L1_dcache_stores = [346634 346626 346626 346626 346626 346627 346627 346626 346626 346627 346627 346627 346627 346631 346630 346631 346631 346631 346631 346631];

time3 = [309.791271507 307.226852366 294.881342289 303.952639010 306.399101849 356.994231853 298.048913279 330.444193037 301.239500246 317.923835500 296.695159125 304.944547675 306.418267197 304.891759676 306.188871820 301.518338465 299.202348446];
cycles3 = [1080479759086 1080175416672 1080077685257 1080791078998 1080453939725 1081007165174 1079925133194 1081131602860 1080216191564 1080376523307 1079857282919 1080428754983 1080244960821 1080280950002 1080323129930 1080088155444 1080616129512];
instructions3 = [481207499338 481207497311 481207481406 481207494107 481207497108 481207552799 481207496809 481207529732 481207491813 481207507565 481207482144 481207504234 481207495478 481207494139 481207495754 481207491650 481207498447];
cache_references3 = [1087339873 1097823072 1092830959 1089515081 1089778919 1120386084 1087127461 1101625912 1089045818 1090656124 1088018803 1090292127 1092098510 1093540697 1092433745 1087426368 1092110027];
cache_misses3 = [13541615 13835010 5588057 20230738 10122887 15130916 8982328 16454466 8779344 13299168 5083187 10070669 8761328 9659215 12646819 6676948 5281351];
L1_dcache_load3 = [206175567260 206175686183 206175560125 206175624749 206173960822 206175561131 206175497243 206175569032 206175435051 206175635881 206175553393 206175552596 206175629900 206175584119 206174749926 206175556497 206175501169];
L1_dcache_load_misses3 = [64382770255 64392171923 64374096993 64382412025 64390140120 64313589174 64387593944 64390733847 64394964889 64302511127 64398457749 64314066621 64379351489 64316591234 64307337225 64293084763 64311764123];
L1_dcache_stores3 = [17227315 17227314 17227322 17227315 17227318 17227339 17227320 17227318 17227319 17227319 17227327 17227323 17227318 17227319 17227318 17227318 17227322];
 
